%# iteration evaluations sigma idxmaxSD idxminSD SDs=sigma*sqrt(diag(C)) (randomSeed=1635872453668, Tue Nov 02 10:00:53 PDT 2021)

0 0 0.2 1 1 0.2 0.2 0.2 0.2 0.2 0.2 0.2 0.2 0.2 0.2 
1 10 0.1774946251180441 8 9 0.17472600217978743 0.17634794274201307 0.17490966246759626 0.17659669636923148 0.17556978420961308 0.17671483908393604 0.17575749223712814 0.17773293968387022 0.17465270630838317 0.1761881620618085 
2 20 0.16219977881257078 8 1 0.15808193077026828 0.15936863030488355 0.15888035094080796 0.16025650724989698 0.15910608922451341 0.15966339989752723 0.1590664463520917 0.1615862238419531 0.15849286838511933 0.16126696599985574 
3 30 0.14737810139298177 8 1 0.14191564788521321 0.14266648770367865 0.14444558561410314 0.14544927451340844 0.14364039340163057 0.14314871668112927 0.14324236301071883 0.14609778148957703 0.14537358899073657 0.14510971622573407 
4 40 0.13119586526324784 8 1 0.12542413155657864 0.1254596184978725 0.12923117734968542 0.12900641582115993 0.1276303178523504 0.12702083135517672 0.12582508141809576 0.13080974615259452 0.12804184597570603 0.12809092709030473 
7 70 0.10034718774576241 1 7 0.09988130577729133 0.0939706488675792 0.0966562359425151 0.09563465583456734 0.09662424852059537 0.094240304123856 0.09283251783503797 0.09698131017490193 0.09521685434513251 0.09530514987803838 
10 100 0.09470630373873866 1 6 0.09305532170109748 0.08771245127582736 0.08918446210843368 0.08877080212073264 0.09168489357017424 0.08664155881025414 0.08831646766303364 0.0887094007892115 0.0875574274199368 0.08865561738632578 
14 140 0.06623509554782372 1 6 0.06459277254123977 0.059263209430048716 0.06062690192360786 0.06025768407599962 0.06225401750233292 0.0587312296795377 0.05996100593441413 0.06036212283404311 0.05909349954415117 0.06056359335518292 
18 180 0.0498509817772757 1 9 0.04684252159839827 0.044504307285437604 0.044764485681028934 0.043237638074533374 0.045771297404971815 0.04295884396221588 0.04353764416539175 0.04342426072725906 0.04271521083050934 0.04479492562094621 
23 230 0.03840145818019041 5 6 0.034447074792788 0.03285653198963503 0.034265701687814634 0.03273511619942158 0.035913866167744 0.031617226852315376 0.03294154954707784 0.03262806765486537 0.032471340111710746 0.033014406678326086 
28 280 0.024784673754529894 5 9 0.02172487603250083 0.02041051765505065 0.021048459323964562 0.020070487225165627 0.022283574479994114 0.020173392176230015 0.021518920762754926 0.019998654085610995 0.019789100389719348 0.020584254887541224 
34 340 0.015359226795302083 5 6 0.013075448303813492 0.012297309635149753 0.012379860677024125 0.011994528380326249 0.013121265606924443 0.01186782510799257 0.012711055736691382 0.012087373205381145 0.012129901921856794 0.011957822470688642 
40 400 0.013965788068790326 1 6 0.011560142049264581 0.010642337180715063 0.010729819213570014 0.011166725307062272 0.011477116016150427 0.010109888233672924 0.011154078470418247 0.011413061016614514 0.010893238484110276 0.010357898205353318 
47 470 0.012726761708451365 1 6 0.0116021260031431 0.009286900060129813 0.009379579391618818 0.009997138023138941 0.010157024541105482 0.008973356384405046 0.009507012483931756 0.010040634451939492 0.00943921896849159 0.009184510113241612 
54 540 0.014105481853081043 1 6 0.014931440717116445 0.010900814095323789 0.00978202048538834 0.01064935435711864 0.010884188569904975 0.009448301998092563 0.01006986257215292 0.010783345479764289 0.010013880322200876 0.009698468335126564 
62 620 0.018570146767626063 1 6 0.024922491888017373 0.016672075409536292 0.012349659555698875 0.012946149377220956 0.013706138321215243 0.011836819839905087 0.012331306465717062 0.014186934384616436 0.01220462750493485 0.012039733431308309 
70 700 0.014732712821067893 1 6 0.020455750042433572 0.0141886375281551 0.009880738824651835 0.009808096429494751 0.010522769341059661 0.008794481067356679 0.009393090962795293 0.010795142082801506 0.008974954472112372 0.008817465171287502 
79 790 0.022263374566932146 1 9 0.037090766489624304 0.029672665819218586 0.015449906481404112 0.014830066065868792 0.014635609965095952 0.013694265929987485 0.013711306947006436 0.0157453852503371 0.012946661042195036 0.01310385964253027 
88 880 0.03012316078831293 1 9 0.05284070726028161 0.04692583912086999 0.02580343784846297 0.01935012283615694 0.018414737076535938 0.017274388632438742 0.017418925347313374 0.020027007041832773 0.016392114097315145 0.01745790739612259 
98 980 0.023081352265491288 1 9 0.03802969840496183 0.034980845092026515 0.022019621477836305 0.014309421935808 0.013987073869233006 0.01273901982328131 0.012709650802109155 0.014982381364955982 0.011731873186471219 0.012926269814502626 
108 1080 0.02330749612821891 1 9 0.035298466613965934 0.034383865854072826 0.02501284021199965 0.014761176620521519 0.013165585892699444 0.0124501420541097 0.012672873148166104 0.013910947627980636 0.011230146906192678 0.012169766456304808 
119 1190 0.016749541783025446 1 9 0.023601534674992215 0.023581206103058715 0.017741783663626335 0.011074144388234931 0.009112418011793631 0.008565110445671723 0.008233901561325191 0.00929290624847297 0.007603008149622035 0.008318180642753676 
130 1300 0.013646100777663851 2 9 0.017348512255267765 0.017893801051117153 0.014775593105473474 0.010281315018015436 0.007183925145074235 0.006328175117512658 0.006166775300058936 0.007146141036228152 0.005920067466399551 0.006671456730109484 
142 1420 0.023753920338576637 2 9 0.02725206944866705 0.03019538335419193 0.02960387110608708 0.024067660966018846 0.014688046614042658 0.010644873953625964 0.010195006079010922 0.011185098631961567 0.00995501151416782 0.011242619477691247 
154 1540 0.02317953902756233 3 9 0.0233730351873079 0.027600775356345413 0.029088391102001142 0.025736583820614067 0.01614406062501684 0.009724079594610037 0.009921659081329503 0.010589204990147535 0.0087341119793751 0.011338407406244358 
167 1670 0.020924276524708397 3 9 0.018485333954097787 0.022286575711401465 0.025254201052022373 0.025192357613402536 0.01743804093690842 0.00882036727871052 0.009192124746637085 0.009165626539612748 0.007775585359196376 0.009333199934469426 
180 1800 0.019862631334789122 4 9 0.015586386096525795 0.01874856747187489 0.021781061448987594 0.022986447792144475 0.01869106883269193 0.010106673685405564 0.008021899042408385 0.008037637774435683 0.006950813182393431 0.008102259207002138 
194 1940 0.017708542724293196 4 9 0.012657817975616643 0.01543986605697093 0.017775404124549976 0.020167834681264332 0.01834559724954959 0.010245574856561449 0.0066273495402800284 0.006912502049617097 0.006324089370100348 0.0066075985552794874 
208 2080 0.03067374265654397 4 9 0.01877616417967091 0.0236845531867935 0.02810208879103485 0.03362220004976749 0.032583779971299125 0.023239746407884336 0.014149527495629926 0.012894134102200116 0.010330377603374782 0.01163693405592491 
223 2230 0.025438520310094585 5 9 0.013523871225224679 0.017069758535599285 0.020908809029571637 0.025949346231247058 0.02789403149405972 0.023655374870724662 0.012045902252124856 0.00956449566364444 0.008096878581686494 0.008562555899182738 
238 2380 0.04287519122053997 5 9 0.019798713013534978 0.024649736297857036 0.0301290147222158 0.039639257514966816 0.04651164243125566 0.045640693065897096 0.02885793353565919 0.01651567145420922 0.012229077536201942 0.01544320534741834 
254 2540 0.022799943959405385 6 9 0.009149139163438746 0.01136510070249824 0.013415267456354319 0.01763085660385647 0.020904221159348788 0.02099924671679084 0.014660833360312016 0.008356186360521689 0.006260734920224238 0.00806867590380315 
270 2700 0.02392338495459944 6 9 0.008165067424319716 0.009891463462397188 0.011757534266032503 0.016030186708900142 0.01999411460266842 0.022747199215118436 0.018937340776956284 0.011951453086184994 0.00636526039563302 0.007815582941282338 
287 2870 0.028724034649300817 6 1 0.008654355250296177 0.010790136766181312 0.012328167616872355 0.016175203576663164 0.020536973208172403 0.02442450220205257 0.02360037899061204 0.01872831917904518 0.009097388959819642 0.008960435318200833 
304 3040 0.029146625600644703 7 1 0.00831171611938373 0.009819763843041684 0.010883340525712467 0.014646560675271003 0.018236319060714584 0.022204837538523193 0.022570651587454083 0.019494030345774016 0.011096783848419087 0.008512240176613322 
322 3220 0.033959669305400376 8 1 0.008803237460723095 0.010370640869468144 0.011139391626560694 0.014346512922643774 0.017768143316995236 0.022351013808980386 0.025567932294885385 0.026779176340856043 0.018525126898797577 0.009633071307975378 
340 3400 0.02008881780111876 8 1 0.00469135877863789 0.005364968992328796 0.005606242115180557 0.007352907132783666 0.009176362185669598 0.011264974362350315 0.01321650598693261 0.015100777915793694 0.012052175342944846 0.005342761518521913 
359 3590 0.024071074036607742 8 1 0.00467798884707152 0.005604455083957505 0.006097703107682861 0.007896557853137415 0.009555245191267669 0.01182165269776726 0.015257199218992481 0.018832693325027135 0.016875026999368686 0.008682552906347485 
378 3780 0.017418104907312087 8 1 0.002864522098461295 0.0036054097467900035 0.003934784654687048 0.004863954815139881 0.005942217244104414 0.00723713042273673 0.009556180615238153 0.01263449843093785 0.012208542949745963 0.007954063532410295 
398 3980 0.02531080233114582 9 1 0.003553266346128999 0.004849846312881644 0.004896764212363409 0.006010947642388334 0.007551775936630893 0.009498385383315199 0.013239599620734488 0.01855315145109846 0.02211226056934751 0.01886510601130286 
418 4180 0.020013513906912778 10 1 0.002553103384998976 0.003228875798699026 0.003390105286133935 0.0041228923944905006 0.005054794491724666 0.006550087842354176 0.009156104456491924 0.013268877053586196 0.01772529349810056 0.018204019908633823 
439 4390 0.01572993788972088 10 1 0.001799252268822061 0.0023995214203509844 0.002531989862465182 0.00286912817208082 0.0033029410141846636 0.004471789023450099 0.006475571784728112 0.009539872177946163 0.014241124841909387 0.017071986763036288 
460 4600 0.017620388072443215 10 1 0.002009653871685212 0.0025614233260990034 0.002547347234201227 0.0029480261115826987 0.0033133008181373126 0.004424564539700276 0.0066333611857388244 0.010252208066907893 0.016353823767569768 0.022329877277219072 
482 4820 0.008850559987397156 10 1 9.303097459604662E-4 0.0011475412066076981 0.0012001967711928972 0.0012913353052583655 0.0014847364351738357 0.002061512026395462 0.003207442916513251 0.005226724266036581 0.008838392790135615 0.013628990998567557 
504 5040 0.009319714415471695 10 1 8.607536238386562E-4 0.0010354323844328382 0.001099248433874086 0.001234491577731846 0.0014232261993411838 0.002138279913638792 0.0035590140320906904 0.006312938238955605 0.011475644972243126 0.019940912845368506 
527 5270 0.005458690255881785 10 1 5.070956175332212E-4 5.376543882675039E-4 5.832929147449642E-4 7.0214773050297E-4 7.432986057520778E-4 0.0010811420489335573 0.0018132077843995575 0.00321629986080118 0.006028765549892869 0.010934106550670659 
550 5500 0.001116475977029224 10 1 8.819594860127135E-5 9.482004813784852E-5 9.779685325297555E-5 1.230136188687871E-4 1.2318786812261326E-4 1.8190264540586122E-4 3.010895961034891E-4 5.420788688927789E-4 0.001005253686738368 0.0018505447035833166 
574 5740 4.489886891538581E-4 10 1 3.245047269393329E-5 3.449609338857205E-5 3.732671292537812E-5 4.178884007225095E-5 4.509258596754918E-5 6.255273461548095E-5 1.1035338785584968E-4 2.0297767987863981E-4 3.789724849403763E-4 7.166321567172915E-4 
598 5980 1.2344780980588074E-4 10 1 7.704708454849174E-6 8.163398032754591E-6 8.993050444925467E-6 9.866373258155456E-6 1.0557625719077662E-5 1.4333145005663779E-5 2.731672755916108E-5 5.1030417778056356E-5 9.750789259469697E-5 1.8758425765594725E-4 
623 6230 3.5156590403670174E-5 10 2 1.9291535699472803E-6 1.8941227745283038E-6 2.339263600974093E-6 2.5039466735067977E-6 2.791643878267833E-6 3.8585545559719265E-6 7.012560809012579E-6 1.3221497096146724E-5 2.5946189338485674E-5 5.054803915330901E-5 
648 6480 9.610988530056199E-6 10 2 4.582508310314597E-7 4.4006773557941335E-7 5.811709718081099E-7 5.629126239916151E-7 6.230478912163048E-7 9.099658130926069E-7 1.6462838615477629E-6 3.1709319367390835E-6 6.336781117373156E-6 1.2422983434601868E-5 
674 6740 1.3452472025232931E-6 10 2 5.871555338622618E-8 5.449809369932203E-8 6.861256530900095E-8 6.457620151161923E-8 7.508433231481734E-8 1.1545210104920527E-7 2.081580374348027E-7 4.065715789628166E-7 8.137276648249031E-7 1.6149155523613594E-6 
700 7000 2.77171493445263E-7 10 2 1.0357238687758183E-8 1.0007710937102634E-8 1.1764909088621736E-8 1.251976868850695E-8 1.3261811741232634E-8 2.0539853693344407E-8 3.5948287544613466E-8 6.973602195349172E-8 1.3992842278692863E-7 2.77109009664589E-7 
727 7270 7.783728559873192E-8 10 2 2.6177478750793594E-9 2.5331170905573163E-9 2.7863157542363077E-9 2.9801218893457086E-9 3.184852498679251E-9 5.129403518892298E-9 8.699511375737595E-9 1.6880334183565768E-8 3.336043532677157E-8 6.658355463856331E-8 
728 7281 7.438772769960653E-8 10 2 2.4854468489398036E-9 2.408351478090902E-9 2.6416529259064443E-9 2.8611463421973185E-9 3.0554219738598837E-9 4.896504797871385E-9 8.257734485339425E-9 1.607291748955803E-8 3.172329635739066E-8 6.335621942091176E-8 
