%# iteration evaluations sigma axisratio fitness_of(bestever best median worst) mindii idxmaxSD maxSD idxminSD minSD (randomSeed=1635872453668, Tue Nov 02 10:00:53 PDT 2021)

1 10 0.1774946251180441 1.0 23.214349460762456 23.214349460762456 47.71130367699354 97.02766002503304 1.0 8 0.17773293968387022 9 0.17465270630838317
2 20 0.16219977881257078 1.0295447754274865 23.214349460762456 23.55174151363861 45.224222697180544 68.57007647743423 0.983634401209695 8 0.1615862238419531 1 0.15808193077026828
3 30 0.14737810139298177 1.0469929778930978 23.214349460762456 23.23058879265865 56.81475993619955 75.5336586217844 0.9675619433726891 8 0.14609778148957703 1 0.14191564788521321
4 40 0.13119586526324784 1.0638869751830506 21.493643115321557 21.493643115321557 40.121680909235465 67.35628230115324 0.9521918519997288 8 0.13080974615259452 1 0.12542413155657864
7 70 0.10034718774576241 1.107513722955495 13.612488404689016 13.612488404689016 20.201769624048815 30.014670071923426 0.9151572482981611 1 0.09988130577729133 7 0.09283251783503797
10 100 0.09470630373873866 1.1801585308473912 10.123401419369726 10.123401419369726 15.875636340014415 21.67017202917208 0.8816139606368598 1 0.09305532170109748 6 0.08664155881025414
14 140 0.06623509554782372 1.1897050567107643 10.123401419369726 11.40010454247693 14.298232435094024 17.51963222323107 0.8561211664506312 1 0.06459277254123977 6 0.0587312296795377
18 180 0.0498509817772757 1.2165138477039719 9.500604575857759 10.070222690292015 10.86372106197048 14.330645541769357 0.823687922186126 1 0.04684252159839827 9 0.04271521083050934
23 230 0.03840145818019041 1.2448098865131842 8.831198099140286 8.958272892420748 9.649432027273601 10.82766443609904 0.7807532272955844 5 0.035913866167744 6 0.031617226852315376
28 280 0.024784673754529894 1.2891012844944778 8.761280069096628 8.867789924770374 9.199545675408363 10.191212728753765 0.7528337187628625 5 0.022283574479994114 9 0.019789100389719348
34 340 0.015359226795302083 1.3131051819844992 8.56756951292469 8.56756951292469 8.802850994207452 8.973409944867647 0.7206051474396653 5 0.013121265606924443 6 0.01186782510799257
40 400 0.013965788068790326 1.3524475272317251 8.487815840944988 8.509154149182228 8.59950015836844 8.666739946900899 0.6760203593663605 1 0.011560142049264581 6 0.010109888233672924
47 470 0.012726761708451365 1.47818477838877 8.401730652775374 8.417358026696276 8.473185308285894 8.63134280374604 0.6321826517158895 1 0.0116021260031431 6 0.008973356384405046
54 540 0.014105481853081043 1.7975035431151738 8.308335766403312 8.308335766403312 8.372469496121537 8.492677589381081 0.601175369305843 1 0.014931440717116445 6 0.009448301998092563
62 620 0.018570146767626063 2.5953387418699334 8.077980858240041 8.119419180490022 8.22136692797165 8.48491817409283 0.5698335730548262 1 0.024922491888017373 6 0.011836819839905087
70 700 0.014732712821067893 2.9016888258390634 7.886359015445549 7.886359015445549 8.02241840295056 8.198002398173568 0.5389782156055861 1 0.020455750042433572 6 0.008794481067356679
79 790 0.022263374566932146 3.9255641296043904 7.560637884909529 7.622031005207102 7.846206392966168 7.940002948087317 0.5073098602854245 1 0.037090766489624304 9 0.012946661042195036
88 880 0.03012316078831293 4.813965398823348 7.217443570140515 7.217443570140515 7.34432486647738 7.9695024774817025 0.48417079564473653 1 0.05284070726028161 9 0.016392114097315145
98 980 0.023081352265491288 5.012574343338351 6.674297544006782 6.674297544006782 7.006497709977203 7.233969762910878 0.45787362752008304 1 0.03802969840496183 9 0.011731873186471219
108 1080 0.02330749612821891 5.115302761698035 6.384811490514175 6.384811490514175 6.71503421902386 6.992657665847307 0.43554899673606673 1 0.035298466613965934 9 0.011230146906192678
119 1190 0.016749541783025446 5.364466458592195 6.239186776230876 6.239186776230876 6.430727174681429 7.3965999039862105 0.3968065380048137 1 0.023601534674992215 9 0.007603008149622035
130 1300 0.013646100777663851 5.3227236745689845 5.967367304938138 5.988939800898351 6.049877198967136 6.1986692137965385 0.3670074161598108 2 0.017893801051117153 9 0.005920067466399551
142 1420 0.023753920338576637 5.981987728407277 5.597835698556755 5.674665359383943 6.046532756494966 6.522606932560252 0.3424676656791766 2 0.03019538335419193 9 0.00995501151416782
154 1540 0.02317953902756233 6.656013961917986 5.264108183176031 5.264108183176031 5.492138827494597 6.036705916148431 0.31059425569246973 3 0.029088391102001142 9 0.0087341119793751
167 1670 0.020924276524708397 7.283703716802968 4.829939567624726 4.829939567624726 5.017752048297108 5.183057154648435 0.27959720778108466 3 0.025254201052022373 9 0.007775585359196376
180 1800 0.019862631334789122 7.548577324360471 4.4699996342820105 4.4699996342820105 4.6930368766271435 5.02596120732211 0.2566391736642593 4 0.022986447792144475 9 0.006950813182393431
194 1940 0.017708542724293196 8.248508289124802 4.23111180587201 4.23111180587201 4.313453850894764 4.68411633345621 0.2368083544359793 4 0.020167834681264332 9 0.006324089370100348
208 2080 0.03067374265654397 9.016134166150273 3.9484277147544846 4.106964476890229 4.500684734562448 4.7869464520677925 0.21423278306629898 4 0.03362220004976749 9 0.010330377603374782
223 2230 0.025438520310094585 9.782865688398077 3.418497029147691 3.446991336152776 3.634450308568293 4.0664294725688865 0.1924464042080287 5 0.02789403149405972 9 0.008096878581686494
238 2380 0.04287519122053997 10.97461318356398 2.936489598515181 3.033883365038372 3.404901882817352 4.804341086883416 0.1699319458578521 5 0.04651164243125566 9 0.012229077536201942
254 2540 0.022799943959405385 10.16510514496787 2.533318149904964 2.533318149904964 2.701690478448575 2.997379604450332 0.15795982100037714 6 0.02099924671679084 9 0.006260734920224238
270 2700 0.02392338495459944 10.964229680127195 2.250278219907832 2.250278219907832 2.3767850987417987 2.488877302050584 0.14101659053828441 6 0.022747199215118436 9 0.00636526039563302
287 2870 0.028724034649300817 11.347532094707555 1.7647006520872424 1.8307952558296976 2.027462514172389 2.3930773054708476 0.12784445458675145 6 0.02442450220205257 1 0.008654355250296177
304 3040 0.029146625600644703 11.554253822051496 1.4438526076942573 1.4438526076942573 1.6344240446143716 2.45870403772693 0.11962618925866776 7 0.022570651587454083 1 0.00831171611938373
322 3220 0.033959669305400376 12.643992552758643 1.063644573694003 1.1597625080603025 1.2290599672483569 1.5323269708366423 0.1064344909753396 8 0.026779176340856043 1 0.008803237460723095
340 3400 0.02008881780111876 13.478282908361512 0.868395456908741 0.8822686000947744 0.9371942161643343 0.9637676436343379 0.09293782053205271 8 0.015100777915793694 1 0.00469135877863789
359 3590 0.024071074036607742 14.443622326343261 0.6416995046881808 0.6416995046881808 0.780622769631507 0.9418080510184648 0.0879398565396174 8 0.018832693325027135 1 0.00467798884707152
378 3780 0.017418104907312087 15.770973355767872 0.5458607872441216 0.5458607872441216 0.5818657287271934 0.6642376657038425 0.07644927848394678 8 0.01263449843093785 1 0.002864522098461295
398 3980 0.02531080233114582 19.942422172777086 0.31111943639409756 0.31111943639409756 0.38344234488078455 0.4441522803736302 0.07077879094280408 9 0.02211226056934751 1 0.003553266346128999
418 4180 0.020013513906912778 21.332686289184604 0.17936774632945213 0.17936774632945213 0.19707199669191489 0.2389267000379002 0.06899561874309261 10 0.018204019908633823 1 0.002553103384998976
439 4390 0.01572993788972088 26.075353518938353 0.10290809819848284 0.10290809819848284 0.1193076135309077 0.1297837646467995 0.05980471447324117 10 0.017071986763036288 1 0.001799252268822061
460 4600 0.017620388072443215 30.681988346460283 0.04020054805898745 0.04486568541457609 0.0651996950634331 0.09178898651393992 0.05406302114167454 10 0.022329877277219072 1 0.002009653871685212
482 4820 0.008850559987397156 39.387531411628615 0.01824429963855901 0.02057635482903989 0.02538640168588218 0.03510660609524985 0.04962930622378741 10 0.013628990998567557 1 9.303097459604662E-4
504 5040 0.009319714415471695 60.828160076079456 0.003737530465466217 0.003737530465466217 0.007790445691907668 0.014757880720937852 0.04275503107437772 10 0.019940912845368506 1 8.607536238386562E-4
527 5270 0.005458690255881785 56.378658763586024 4.2933342435484744E-4 0.0013509038631541346 0.0019474225056137777 0.0028453133643868197 0.0425228582418404 10 0.010934106550670659 1 5.070956175332212E-4
550 5500 0.001116475977029224 53.67523708265027 1.8420408254838955E-5 2.0371658698051434E-5 6.675171287024736E-5 1.34159085826282E-4 0.03694698073974851 10 0.0018505447035833166 1 8.819594860127135E-5
574 5740 4.489886891538581E-4 54.428037378638635 2.9921577563188566E-6 4.188142220923466E-6 8.238216375890341E-6 1.2124355657632047E-5 0.034819687434688 10 7.166321567172915E-4 1 3.245047269393329E-5
598 5980 1.2344780980588074E-4 54.7181233143154 1.6148926471650004E-7 1.9047589299052223E-7 4.371152501297532E-7 6.745264267546356E-7 0.032046425140944655 10 1.8758425765594725E-4 1 7.704708454849174E-6
623 6230 3.5156590403670174E-5 55.98636482313296 1.5486376062682865E-8 1.635097912674532E-8 2.7675655056491918E-8 4.827453659036247E-8 0.029321945144403214 10 5.054803915330901E-5 2 1.8941227745283038E-6
648 6480 9.610988530056199E-6 56.343634435452415 6.052076797352384E-10 6.711349418022924E-10 1.701208363403097E-9 2.3982255654624352E-9 0.02673107105141393 10 1.2422983434601868E-5 2 4.4006773557941335E-7
674 6740 1.3452472025232931E-6 62.50672083644925 8.364049778780173E-12 1.1269734094246964E-11 2.2408736119599364E-11 3.377030030974867E-11 0.022430542950523706 10 1.6149155523613594E-6 2 5.449809369932203E-8
700 7000 2.77171493445263E-7 59.395880205998346 1.5760541888333683E-13 1.5760541888333683E-13 4.5467018534113274E-13 7.594958894683312E-13 0.019767609219083104 10 2.77109009664589E-7 2 1.0007710937102634E-8
727 7270 7.783728559873192E-8 57.72428127812553 1.9507369595352297E-14 2.1719487071956003E-14 3.890496830993785E-14 8.24113359103583E-14 0.01698258410545959 10 6.658355463856331E-8 2 2.5331170905573163E-9
728 7281 7.438772769960653E-8 57.56286999560668 7.900353451004846E-15 9.920563621926587E-15 3.2372074341694663E-14 3.8300951871572615E-14 0.01716685542894047 10 6.335621942091176E-8 2 2.408351478090902E-9
